19655
19657
1372
16450
11529
18116
20640
18409
18419
18868
20481
20689
17547
17551
18634
14202
15176
16499
17950
11789
19654
19656
19386
18794
15086
18088
15297
19895
15783
16482
16112
468
2481
2531
3066
3453
3454
3455
3596
3964
4000
6474
7770
7927
8668
9270
9287
9940
10288
11532
11548
11607
11646
11783
11787
11812
11993
12053
12103
12138
12217
12465
12497
12511
12806
12836
12846
12863
13141
13453
13454
13709
14067
14125
14210
14643
15926
16148
14989
15020
15106
15257
15278
15308
15462
15917
15937
15992
16052
16203
17610
18569
18738
16321
16500
16556
16653
16719
16982
17009
17352
17511
18983
19028
19150
19219
19220
21098
18136
19525
18395
16343
14784
16582
17084
18729
17347
17348
19027
19155
17548
17682
