597
11788
14354
15177
17461
17462
17463
19218
19655
19657
19721
1372
2095
2923
3170
16450
11529
11740
12499
18797
19333
19705
15043
21134
15297
18116
20640
21637
21759
21760
21761
22121
22080
22083
22190
22520
15926
16148
16246
19189
19243
17347
20481
20689
20431
20774
20875
21129
17549
18363
17551
18265
18784
18634
14202
15176
16499
11789
17950
19656
13116
19181
19654
19386
18794
18088
19895
15783
22124
22125
22081
22082
16482
16112
22402
22415
468
2481
2531
3066
3453
3454
3455
3596
3964
4000
6474
7770
7927
8668
9270
9287
9940
10288
11532
11548
11607
11646
11783
11787
11812
11993
12053
12103
12138
12217
12465
12497
12511
12806
12836
12846
12863
13141
13453
13454
13709
14067
14125
14210
14643
14989
15020
15086
15106
15257
15278
15308
15462
15917
15937
15992
16052
16203
17487
16321
16500
16556
16653
16719
16982
17009
17352
17511
17610
18087
18268
21098
16413
18136
18409
18419
18569
18738
18983
19028
19150
19219
19220
19525
18395
16343
14784
18729
18868
17348
16582
17084
19027
19155
17547
17548
17682